

host: localhost
port: 2000


camera_location:
  x: 87.4882583618164
  y: -137.6378936767578
  z: 82.77605438232422


camera_rotation:
  pitch: -88.2068099975586
  yaw: -87.31599426269531
  roll: 0.0031104013323783875


box_dimention:
  x: 20
  y: 50
  z: 50


