

host: localhost
port: 2000


camera_location:
  x: 87.4882583618164
  y: -137.6378936767578
  z: 82.77605438232422


camera_rotation:
  pitch: -88.2068099975586
  yaw: -87.31599426269531
  roll: 0.0031104013323783875


box_dimention:
  x: 20
  y: 50
  z: 50


incoming_road_1:
  x: 70.446167
  y: -130.055023
  z:  2.0

incoming_road_2:
  x: 80.446167
  y: -160.055023
  z: 2.0
  
incoming_road_3:
  x: 110.446167
  y: -130.055023
  z: 2.0
incoming_road_4:
  x: 80.446167
  y: -80.055023
  z: 2.0

